0 3.141592653589793
1 3.141592653589793
2 3.141592653589793
3 3.141592653589793
4 3.141592653589793
5 3.141592653589793
6 3.141592653589793
7 3.141592653589793
8 3.141592653589793
9 3.141592653589793
10 3.138196081888437
11 3.138196081888437
12 3.138196081888437
13 3.138196081888437
14 3.138196081888437
15 3.138196081888437
16 3.138196081888437
17 3.138196081888437
18 3.1389591868289157
19 3.1389591868289157
20 3.1389591868289157
21 3.1384849227839595
22 3.1384849227839595
23 3.1384849227839595
24 3.1384849227839595
25 3.1384849227839595
26 3.140993295329814
27 3.1366920331874293
28 3.1366920331874293
29 3.1366920331874293
30 3.1366920331874293
31 3.1366920331874293
32 3.1366920331874293
33 3.1366920331874293
34 3.1371336640483167
35 3.1371336640483167
36 3.1371336640483167
37 3.1371336640483167
38 3.1371336640483167
39 3.1371336640483167
40 3.1371336640483167
41 3.1371336640483167
42 3.1371336640483167
43 3.1371336640483167
44 3.1371336640483167
45 3.1371336640483167
46 3.1371336640483167
47 3.1371336640483167
48 3.141122076608202
49 3.140335620151113
50 3.140335620151113
51 3.13722335346369
52 3.13722335346369
53 3.13722335346369
54 3.13722335346369
55 3.135673913321828
56 3.135673913321828
57 3.135673913321828
58 3.135673913321828
59 3.135673913321828
60 3.135673913321828
61 3.135673913321828
62 3.135673913321828
63 3.135673913321828
64 3.135673913321828
65 3.135673913321828
66 3.135673913321828
67 3.134493654954932
68 3.134493654954932
69 3.134493654954932
70 3.134493654954932
71 3.134493654954932
72 3.134493654954932
73 3.134493654954932
74 3.134493654954932
75 3.134493654954932
76 3.134493654954932
77 3.1337782066720328
78 3.1337782066720328
79 3.1337782066720328
80 3.1337782066720328
81 3.1337782066720328
82 3.1337782066720328
83 3.1337782066720328
84 3.1337782066720328
85 3.1337782066720328
86 3.1337782066720328
87 3.1337782066720328
88 3.1337782066720328
89 3.1337782066720328
90 3.1337782066720328
91 3.1337782066720328
92 3.1337782066720328
93 3.1313329983225424
94 3.1313329983225424
95 3.1313329983225424
96 3.1313329983225424
97 3.1313329983225424
98 3.1313329983225424
99 3.1313329983225424
100 3.1313329983225424
101 3.1313329983225424
102 3.1313329983225424
103 3.1326291832274054
104 3.1326291832274054
105 3.1326291832274054
106 3.1326291832274054
107 3.1326291832274054
108 3.1326291832274054
109 3.0794092283669765
110 3.0794092283669765
111 3.0794092283669765
112 3.0794092283669765
113 3.0794092283669765
114 3.07502065843083
115 3.07502065843083
116 3.07502065843083
117 3.07502065843083
118 3.079511557429319
119 3.079511557429319
120 3.079511557429319
121 3.079511557429319
122 3.079511557429319
123 3.079511557429319
124 3.079511557429319
125 3.079511557429319
126 3.079511557429319
127 3.079511557429319
128 3.079511557429319
129 3.079511557429319
130 3.079511557429319
131 3.079511557429319
132 3.079511557429319
133 3.079511557429319
134 3.079511557429319
135 3.079511557429319
136 3.079511557429319
137 3.079511557429319
138 3.079511557429319
139 3.079511557429319
140 3.079511557429319
141 3.079511557429319
142 3.079511557429319
143 3.079511557429319
144 3.079511557429319
145 3.079511557429319
146 3.079140074698873
147 3.079140074698873
148 3.079140074698873
149 3.079140074698873
150 3.079140074698873
151 3.079140074698873
152 3.079140074698873
153 3.079140074698873
154 3.079140074698873
155 3.079140074698873
156 3.079140074698873
157 3.079140074698873
158 3.079140074698873
159 3.079140074698873
160 3.079140074698873
161 3.079140074698873
162 3.083942872154093
163 3.083942872154093
164 3.083942872154093
165 3.083942872154093
166 3.0878004816713234
167 3.088874913641234
168 3.088874913641234
169 3.088874913641234
170 3.088874913641234
171 3.088874913641234
172 3.088874913641234
173 3.085405119145959
174 3.085405119145959
175 3.085405119145959
176 3.085405119145959
177 3.085405119145959
178 3.080704987959459
179 3.080704987959459
180 3.080704987959459
181 3.080704987959459
182 3.080704987959459
183 3.080704987959459
184 3.083659046419923
185 3.083659046419923
186 3.083659046419923
187 3.083659046419923
188 3.079896096145972
189 3.079896096145972
190 3.0791509770012464
191 3.0791509770012464
192 3.0791509770012464
193 3.078604433981814
194 3.078604433981814
195 3.078604433981814
196 3.078604433981814
197 3.078604433981814
198 3.078604433981814
199 3.0800295472185035
200 3.0800295472185035
201 3.0800295472185035
202 3.0800295472185035
203 3.0800295472185035
204 3.0800295472185035
205 3.0800295472185035
206 3.0772581577381586
207 3.0772581577381586
208 3.073377762508219
209 3.073377762508219
210 3.074929314169425
211 3.074929314169425
212 3.074929314169425
213 3.074929314169425
214 3.074929314169425
215 3.074929314169425
216 3.074929314169425
217 3.074929314169425
218 3.074929314169425
219 3.074929314169425
220 3.074929314169425
221 3.078004265941999
222 3.078004265941999
223 3.078004265941999
224 3.078004265941999
225 3.078004265941999
226 3.078004265941999
227 3.078004265941999
228 3.078004265941999
229 3.078004265941999
230 3.078004265941999
231 3.078004265941999
232 3.078004265941999
233 3.078004265941999
234 3.078004265941999
235 3.078004265941999
236 3.078004265941999
237 3.078004265941999
238 3.078004265941999
239 3.078004265941999
240 3.078004265941999
241 3.078004265941999
242 3.078004265941999
243 3.078004265941999
244 3.078004265941999
245 3.078004265941999
246 3.078004265941999
247 3.078004265941999
248 3.078004265941999
249 3.078004265941999
250 3.078004265941999
251 3.078004265941999
252 3.078004265941999
253 3.078004265941999
254 3.078004265941999
255 3.078004265941999
256 3.078004265941999
257 3.078004265941999
258 3.078004265941999
259 3.078004265941999
260 3.078004265941999
261 3.0784967005370194
262 3.0784967005370194
263 3.0784967005370194
264 3.0784967005370194
265 3.082251702942152
266 3.082251702942152
267 3.082251702942152
268 3.082251702942152
269 3.082251702942152
270 3.082251702942152
271 3.082251702942152
272 3.082251702942152
273 3.082251702942152
274 3.082251702942152
275 3.082251702942152
276 3.082251702942152
277 3.082251702942152
278 3.082251702942152
279 3.082251702942152
280 3.082251702942152
281 3.082251702942152
282 3.082251702942152
283 3.082251702942152
284 3.082251702942152
285 3.082251702942152
286 3.079561410467781
287 3.079561410467781
288 3.079561410467781
289 3.079561410467781
290 3.079561410467781
291 3.079561410467781
292 3.079561410467781
293 3.0813439825024025
294 3.0813439825024025
295 3.0813439825024025
296 3.0813439825024025
297 3.0803108297659505
298 3.0803108297659505
299 3.0803108297659505
300 3.0803108297659505
301 3.0803108297659505
302 3.0803108297659505
303 3.0803108297659505
304 3.0803108297659505
305 3.079809770582047
306 3.081698217675173
307 3.081698217675173
308 3.081698217675173
309 3.081698217675173
310 3.081929905733912
311 3.0801977346059606
312 3.0812941452478273
313 3.081221365583698
314 3.081221365583698
315 3.081221365583698
316 3.081221365583698
317 3.081221365583698
318 3.081221365583698
319 3.0832864530351745
320 3.0832864530351745
321 3.0832864530351745
322 3.0832864530351745
323 3.0832864530351745
324 3.0832864530351745
325 3.0832864530351745
326 3.0832864530351745
327 3.0832864530351745
328 3.0832864530351745
329 3.080796033399926
330 3.080796033399926
331 3.080796033399926
332 3.080708621111611
333 3.080708621111611
334 3.080708621111611
335 3.080708621111611
336 3.080708621111611
337 3.080708621111611
338 3.080708621111611
339 3.080708621111611
340 3.080708621111611
341 3.080708621111611
342 3.080708621111611
343 3.080708621111611
344 3.080708621111611
345 3.080708621111611
346 3.080708621111611
347 3.080708621111611
348 3.080708621111611
349 3.082544776741274
350 3.082544776741274
351 3.082544776741274
352 3.082544776741274
353 3.082544776741274
354 3.087199468485518
355 3.087199468485518
356 3.087199468485518
357 3.087199468485518
358 3.087199468485518
359 3.087199468485518
360 3.087199468485518
361 3.0844057672237613
362 3.0844057672237613
363 3.0844057672237613
364 3.0844057672237613
365 3.0844057672237613
366 3.0844057672237613
367 3.0844057672237613
368 3.0844057672237613
369 3.0844057672237613
370 3.0844057672237613
371 3.0844057672237613
372 3.0844057672237613
373 3.0844057672237613
374 3.0848812036630866
375 3.0848812036630866
376 3.0848812036630866
377 3.0848812036630866
378 3.0848812036630866
379 3.0848812036630866
380 3.0848812036630866
381 3.086831970712595
382 3.0858346601386635
383 3.0831329342426956
384 3.0831329342426956
385 3.0831329342426956
386 3.0831329342426956
387 3.0831329342426956
388 3.0831329342426956
389 3.0831329342426956
390 3.0831329342426956
391 3.0831329342426956
392 3.0831329342426956
393 3.0819393070879424
394 3.0819393070879424
395 3.0819393070879424
396 3.0819393070879424
397 3.0819393070879424
398 3.0819393070879424
399 3.0819393070879424
400 3.0819393070879424
401 3.0819393070879424
402 3.0819393070879424
403 3.0819393070879424
404 3.0819393070879424
405 3.0819393070879424
406 3.0819393070879424
407 3.0819393070879424
408 3.0819393070879424
409 3.0819393070879424
410 3.0819393070879424
411 3.0819393070879424
412 3.0819393070879424
413 3.08273576553135
414 3.08273576553135
415 3.08273576553135
416 3.08273576553135
417 3.08273576553135
418 3.08273576553135
419 3.08273576553135
420 3.08273576553135
421 3.087178401580856
422 3.087178401580856
423 3.087178401580856
424 3.087178401580856
425 3.087178401580856
426 3.087178401580856
427 3.087178401580856
428 3.087178401580856
429 3.087178401580856
430 3.087178401580856
431 3.087178401580856
432 3.085240940341904
433 3.085240940341904
434 3.0812247551813403
435 3.0812247551813403
436 3.0812247551813403
437 3.081382380666512
438 3.081382380666512
439 3.081382380666512
440 3.081382380666512
441 3.081382380666512
442 3.081382380666512
443 3.081382380666512
444 3.0829841145057224
445 3.0829841145057224
446 3.0829841145057224
447 3.0829841145057224
448 3.0829841145057224
449 3.0829841145057224
450 3.0829841145057224
451 3.0829841145057224
452 3.0829841145057224
453 3.0829841145057224
454 3.0829841145057224
455 3.07924043225342
456 3.07924043225342
457 3.07924043225342
458 3.07924043225342
459 3.07924043225342
460 3.07924043225342
461 3.07924043225342
462 3.07924043225342
463 3.07924043225342
464 3.07924043225342
465 3.07924043225342
466 3.0770267144774004
467 3.0770267144774004
468 3.0797512942402285
469 3.0797512942402285
470 3.0797512942402285
471 3.0797512942402285
472 3.0797512942402285
473 3.0797512942402285
474 3.0797512942402285
475 3.0797512942402285
476 3.0797512942402285
477 3.0797512942402285
478 3.0797512942402285
479 3.058856781453328
480 3.058856781453328
481 3.058856781453328
482 3.058856781453328
483 3.058856781453328
484 3.058856781453328
485 3.058856781453328
486 3.058856781453328
487 3.058856781453328
488 3.058856781453328
489 3.0380865122907825
490 3.0380865122907825
491 3.0380865122907825
492 3.0414279134037407
493 3.0414279134037407
494 3.0414279134037407
495 3.0414279134037407
496 3.0400720491172337
497 3.0400720491172337
498 3.0400720491172337
499 3.0400720491172337
500 3.042249658147982
501 3.0408110682352594
502 3.0408110682352594
503 3.0408110682352594
504 3.0408110682352594
505 3.0408110682352594
506 3.0408110682352594
507 3.0408110682352594
508 3.0408110682352594
509 3.0408110682352594
510 3.0408110682352594
511 3.0408110682352594
512 3.0408110682352594
513 3.0408110682352594
514 3.0408110682352594
515 3.0387785016732782
516 3.0387785016732782
517 3.0387785016732782
518 3.0387785016732782
519 3.0387785016732782
520 3.0387785016732782
521 3.039774994718445
522 3.039774994718445
523 3.039774994718445
524 3.038737424009174
525 3.038737424009174
526 3.038737424009174
527 3.038737424009174
528 3.038737424009174
529 3.038737424009174
530 3.038737424009174
531 3.038737424009174
532 3.038737424009174
533 3.038737424009174
534 3.038737424009174
535 3.038737424009174
536 3.038737424009174
537 3.038737424009174
538 3.038737424009174
539 3.038737424009174
540 3.038737424009174
541 3.040019940542964
542 3.040019940542964
543 3.040019940542964
544 3.040019940542964
545 3.04157979800713
546 3.04157979800713
547 3.04157979800713
548 3.04157979800713
549 3.04157979800713
550 3.0422064940311806
551 3.0422064940311806
552 3.0422064940311806
553 3.0422064940311806
554 3.0422064940311806
555 3.0422064940311806
556 3.0422064940311806
557 3.0422064940311806
558 3.0422064940311806
559 3.0422064940311806
560 3.0422064940311806
561 3.0422064940311806
562 3.039955429272104
563 3.039955429272104
564 3.039699075521108
565 3.039699075521108
566 3.039699075521108
567 3.039699075521108
568 3.039699075521108
569 3.039699075521108
570 3.039699075521108
571 3.039699075521108
572 3.039699075521108
573 3.039699075521108
574 3.039699075521108
575 3.039699075521108
576 3.039699075521108
577 3.0385511432012904
578 3.0385511432012904
579 3.0385511432012904
580 3.0385511432012904
581 3.0385511432012904
582 3.0385511432012904
583 3.0385511432012904
584 3.0385511432012904
585 3.0385511432012904
586 3.0374291836832015
587 3.0374291836832015
588 3.0374291836832015
589 3.0374291836832015
590 3.0374291836832015
591 3.0374291836832015
592 3.0374291836832015
593 3.039611469057383
594 3.039611469057383
595 3.039611469057383
596 3.039611469057383
597 3.039611469057383
598 3.039611469057383
599 3.0420643197786634
600 3.0420643197786634
601 3.0420643197786634
602 3.0420643197786634
603 3.037777850656879
604 3.037777850656879
605 3.037777850656879
606 3.037777850656879
607 3.037777850656879
608 3.037777850656879
609 3.037847946039272
610 3.037847946039272
611 3.0394221062921765
612 3.0394221062921765
613 3.0394221062921765
614 3.0394221062921765
615 3.0394221062921765
616 3.0394221062921765
617 3.0394221062921765
618 3.0394221062921765
619 3.0394221062921765
620 3.0394221062921765
621 3.0394221062921765
622 3.0394221062921765
623 3.0394221062921765
624 3.0394221062921765
625 3.0394221062921765
626 3.0394221062921765
627 3.0394221062921765
628 3.0394221062921765
629 3.0394221062921765
630 3.0394221062921765
631 3.0394221062921765
632 3.0394221062921765
633 3.0370461544278706
634 3.0370461544278706
635 3.0370461544278706
636 3.0370461544278706
637 3.037309726247741
638 3.037309726247741
639 3.037309726247741
640 3.037309726247741
641 3.038913467928931
642 3.038913467928931
643 3.042617242746396
644 3.042617242746396
645 3.042617242746396
646 3.042617242746396
647 3.042617242746396
648 3.042617242746396
649 3.042617242746396
650 3.042617242746396
651 3.042617242746396
652 3.042617242746396
653 3.0469537206633768
654 3.0469537206633768
655 3.0469537206633768
656 3.0469537206633768
657 3.0469537206633768
658 3.0469537206633768
659 3.0469537206633768
660 3.0469537206633768
661 3.0455391464721866
662 3.0455391464721866
663 3.0455391464721866
664 3.0455391464721866
665 3.0455391464721866
666 3.0455391464721866
667 3.0455391464721866
668 3.0455391464721866
669 3.0455391464721866
670 3.0455391464721866
671 3.0455391464721866
672 3.0455391464721866
673 3.0455391464721866
674 3.0455391464721866
675 3.044270047783232
676 3.044270047783232
677 3.044270047783232
678 3.044944755464296
679 3.0433434024209562
680 3.0433434024209562
681 3.0433434024209562
682 3.0433434024209562
683 3.0433434024209562
684 3.0433434024209562
685 3.0433434024209562
686 3.0433434024209562
687 3.0433434024209562
688 3.0433434024209562
689 3.0433434024209562
690 3.0433434024209562
691 3.0433434024209562
692 3.0433434024209562
693 3.0450845759942595
694 3.0450845759942595
695 3.0450845759942595
696 3.0450845759942595
697 3.0450845759942595
698 3.0450845759942595
699 3.0450845759942595
700 3.0450845759942595
701 3.0450845759942595
702 3.0450845759942595
703 3.0450845759942595
704 3.0450845759942595
705 3.0450845759942595
706 3.0450845759942595
707 3.0450845759942595
708 3.0450845759942595
709 3.0450845759942595
710 3.0450845759942595
711 3.0450845759942595
712 3.0450845759942595
713 3.0450845759942595
714 3.0486528314566455
715 3.0483170017074426
716 3.0483170017074426
717 3.0451818328173332
718 3.0451818328173332
719 3.0451818328173332
720 3.0451818328173332
721 3.0451818328173332
722 3.0451818328173332
723 3.0451818328173332
724 3.0451818328173332
725 3.0451818328173332
726 3.0451818328173332
727 3.0451818328173332
728 3.0451818328173332
729 3.0451818328173332
730 3.0451818328173332
731 3.0451818328173332
732 3.040873969560745
733 3.040873969560745
734 3.040873969560745
735 3.040873969560745
736 3.040873969560745
737 3.040873969560745
738 3.040873969560745
739 3.040873969560745
740 3.040873969560745
741 3.039091370540567
742 3.039091370540567
743 3.039091370540567
744 3.039091370540567
745 3.039091370540567
746 3.039091370540567
747 3.0359984119707715
748 3.0359984119707715
749 3.0359984119707715
750 3.0359984119707715
751 3.0359984119707715
752 3.0359984119707715
753 3.0359984119707715
754 3.0359984119707715
755 3.0322830171995045
756 3.0322830171995045
757 3.0322830171995045
758 3.0322830171995045
759 3.0322830171995045
760 3.0322830171995045
761 3.0322830171995045
762 3.0322830171995045
763 3.031046891605822
764 3.031046891605822
765 3.031046891605822
766 3.031046891605822
767 3.031046891605822
768 3.031046891605822
769 3.031046891605822
770 3.031046891605822
771 3.031046891605822
772 3.031046891605822
773 3.031046891605822
774 3.031046891605822
775 3.031046891605822
776 3.031046891605822
777 3.031046891605822
778 3.031046891605822
779 3.031046891605822
780 3.031046891605822
781 3.0333206581231362
782 3.0333206581231362
783 3.0333206581231362
784 3.0333206581231362
785 3.0333206581231362
786 3.0333206581231362
787 3.0333206581231362
788 3.0333206581231362
789 3.0349273423315033
790 3.0349273423315033
791 3.033372090616671
792 3.033372090616671
793 3.033372090616671
794 3.033372090616671
795 3.033372090616671
796 3.033372090616671
797 3.033372090616671
798 3.033372090616671
799 3.033372090616671
800 3.033372090616671
801 3.033372090616671
802 3.033372090616671
803 3.033372090616671
804 3.033372090616671
805 3.033372090616671
806 3.033372090616671
807 3.033372090616671
808 3.033369150298204
809 3.033369150298204
810 3.033369150298204
811 3.033369150298204
812 3.033369150298204
813 3.033369150298204
814 3.033369150298204
815 3.033369150298204
816 3.033369150298204
817 3.033369150298204
818 3.033369150298204
819 3.033369150298204
820 3.033369150298204
821 3.033369150298204
822 3.033369150298204
823 3.030977468209661
824 3.030977468209661
825 3.030977468209661
826 3.030977468209661
827 3.0299214643384573
828 3.0299214643384573
829 3.0299214643384573
830 3.0299214643384573
831 3.0299214643384573
832 3.0299214643384573
833 3.0252678302298475
834 3.0252678302298475
835 3.0252678302298475
836 3.0252678302298475
837 3.0252678302298475
838 3.0252678302298475
839 3.027716467877424
840 3.027716467877424
841 3.027716467877424
842 3.027716467877424
843 3.027716467877424
844 3.027716467877424
845 3.027716467877424
846 3.027716467877424
847 3.027716467877424
848 3.027716467877424
849 3.027716467877424
850 3.027716467877424
851 3.027716467877424
852 3.027716467877424
853 3.027716467877424
854 3.027716467877424
855 3.027716467877424
856 3.027716467877424
857 3.027716467877424
858 3.027716467877424
859 3.027716467877424
860 3.0301623103719173
861 3.0301623103719173
862 3.0301623103719173
863 3.0301623103719173
864 3.0284213576248105
865 3.0284213576248105
866 3.0284213576248105
867 3.0284213576248105
868 3.0284213576248105
869 3.0284213576248105
870 3.0284213576248105
871 3.0284213576248105
872 3.0284213576248105
873 3.031315076799949
874 3.031315076799949
875 3.031315076799949
876 3.035951940060311
877 3.035951940060311
878 3.035951940060311
879 3.035951940060311
880 3.035951940060311
881 3.035951940060311
882 3.035951940060311
883 3.035951940060311
884 3.035951940060311
885 3.035951940060311
886 3.035951940060311
887 3.035951940060311
888 3.035951940060311
889 3.035951940060311
890 3.035951940060311
891 3.035951940060311
892 3.035951940060311
893 3.035951940060311
894 3.035951940060311
895 3.035951940060311
896 3.035951940060311
897 3.035951940060311
898 3.035951940060311
899 3.035951940060311
900 3.035951940060311
901 3.0326469589515694
902 3.0326469589515694
903 3.0326469589515694
904 3.0326469589515694
905 3.0326469589515694
906 3.0326469589515694
907 3.0326469589515694
908 3.0326469589515694
909 3.0326469589515694
910 3.0326469589515694
911 3.0326469589515694
912 3.0326469589515694
913 3.028346069351226
914 3.028346069351226
915 3.028346069351226
916 3.028346069351226
917 3.028346069351226
918 3.028346069351226
919 3.028346069351226
920 3.028346069351226
921 3.028346069351226
922 3.028346069351226
923 3.0271221542898257
924 3.0271221542898257
925 3.0271221542898257
926 3.023199180545966
927 3.023199180545966
928 3.023199180545966
929 3.023199180545966
930 3.023199180545966
931 3.023199180545966
932 3.023199180545966
933 3.023199180545966
934 3.023199180545966
935 3.023199180545966
936 3.023199180545966
937 3.020460667324741
938 3.020460667324741
939 3.020460667324741
940 3.020460667324741
941 3.020460667324741
942 3.020460667324741
943 3.020460667324741
944 3.020460667324741
945 3.020460667324741
946 3.020460667324741
947 3.020460667324741
948 3.020460667324741
949 3.020460667324741
950 3.020460667324741
951 3.020460667324741
952 3.020460667324741
953 3.020460667324741
954 3.020460667324741
955 3.020460667324741
956 3.020460667324741
957 3.020460667324741
958 3.020460667324741
959 3.020460667324741
960 3.020460667324741
961 3.020460667324741
962 3.020460667324741
963 3.020460667324741
964 3.020460667324741
965 3.020460667324741
966 3.020460667324741
967 3.020460667324741
968 3.020460667324741
969 3.020460667324741
970 3.0190059852096742
971 3.0190059852096742
972 3.0190059852096742
973 3.0190059852096742
974 3.0190059852096742
975 3.0190059852096742
976 3.0190059852096742
977 3.0190059852096742
978 3.0190059852096742
979 3.0190059852096742
980 3.0190059852096742
981 3.0190059852096742
982 3.0190059852096742
983 3.0190059852096742
984 3.0190059852096742
985 3.0190059852096742
986 3.0190059852096742
987 3.0190059852096742
988 3.0190059852096742
989 3.0190059852096742
990 3.0190059852096742
991 3.0190059852096742
992 3.0174891039169895
993 3.0174891039169895
994 3.0174891039169895
995 3.0174891039169895
996 3.0174891039169895
997 3.0174891039169895
998 3.0174891039169895
999 3.0174891039169895
