0 3.141592653589793
1 3.141592653589793
2 3.141592653589793
3 3.141592653589793
4 3.141592653589793
5 3.141592653589793
6 3.141592653589793
7 3.141592653589793
8 3.141592653589793
9 3.141592653589793
10 3.139763644230566
11 3.139763644230566
12 3.139763644230566
13 3.139763644230566
14 3.139763644230566
15 3.139763644230566
16 3.139763644230566
17 3.139763644230566
18 3.139763644230566
19 3.139763644230566
20 3.139763644230566
21 3.139763644230566
22 3.139763644230566
23 3.139763644230566
24 3.139763644230566
25 3.139763644230566
26 3.139763644230566
27 3.139763644230566
28 3.139763644230566
29 3.139763644230566
30 3.139763644230566
31 3.139763644230566
32 3.139763644230566
33 3.139763644230566
34 3.139763644230566
35 3.139763644230566
36 3.139763644230566
37 3.139763644230566
38 3.1394085209362763
39 3.1394085209362763
40 3.1394085209362763
41 3.1394085209362763
42 3.1367192783264466
43 3.140137651378437
44 3.140137651378437
45 3.140137651378437
46 3.140137651378437
47 3.1361250144122423
48 3.1361250144122423
49 3.1361250144122423
50 3.1361250144122423
51 3.1361250144122423
52 3.1361250144122423
53 3.1361250144122423
54 3.137893379589156
55 3.137893379589156
56 3.137893379589156
57 3.137893379589156
58 3.137893379589156
59 3.137893379589156
60 3.137893379589156
61 3.137893379589156
62 3.137893379589156
63 3.137893379589156
64 3.137893379589156
65 3.137893379589156
66 3.137893379589156
67 3.137893379589156
68 3.137893379589156
69 3.1355384852383357
70 3.1355384852383357
71 3.1355384852383357
72 3.1355384852383357
73 3.1355384852383357
74 3.1355384852383357
75 3.1355384852383357
76 3.1355384852383357
77 3.131599547027595
78 3.131599547027595
79 3.131599547027595
80 3.131599547027595
81 3.131599547027595
82 3.131599547027595
83 3.131599547027595
84 3.131599547027595
85 3.127141404808895
86 3.127141404808895
87 3.127141404808895
88 3.125001816390676
89 3.125001816390676
90 3.1227931186412428
91 3.1227931186412428
92 3.1227931186412428
93 3.1227931186412428
94 3.1227931186412428
95 3.118845421453505
96 3.118845421453505
97 3.118845421453505
98 3.118845421453505
99 3.118845421453505
100 3.1157291933756994
101 3.1157291933756994
102 3.1172374565776386
103 3.1172374565776386
104 3.1172374565776386
105 3.1172374565776386
106 3.1172374565776386
107 3.1172374565776386
108 3.1172374565776386
109 3.1172374565776386
110 3.1172374565776386
111 3.1172374565776386
112 3.1172374565776386
113 3.1172374565776386
114 3.1172374565776386
115 3.1172374565776386
116 3.1172374565776386
117 3.118371883184296
118 3.118371883184296
119 3.118371883184296
120 3.118371883184296
121 3.118371883184296
122 3.118371883184296
123 3.118371883184296
124 3.118371883184296
125 3.118371883184296
126 3.118371883184296
127 3.118371883184296
128 3.118371883184296
129 3.118371883184296
130 3.118371883184296
131 3.118371883184296
132 3.118371883184296
133 3.118371883184296
134 3.118371883184296
135 3.118371883184296
136 3.118371883184296
137 3.118371883184296
138 3.118371883184296
139 3.118371883184296
140 3.1134814856857496
141 3.1134814856857496
142 3.1134814856857496
143 3.1134814856857496
144 3.1134814856857496
145 3.1134814856857496
146 3.1144550514176217
147 3.1144550514176217
148 3.1144550514176217
149 3.1144550514176217
150 3.1144550514176217
151 3.1144550514176217
152 3.1144550514176217
153 3.1144550514176217
154 3.1144550514176217
155 3.1144550514176217
156 3.1144550514176217
157 3.1144550514176217
158 3.1144550514176217
159 3.1144550514176217
160 3.1144550514176217
161 3.1144550514176217
162 3.1144550514176217
163 3.1144550514176217
164 3.1144550514176217
165 3.1144550514176217
166 3.1144550514176217
167 3.1144550514176217
168 3.1144550514176217
169 3.1144550514176217
170 3.1144550514176217
171 3.1144550514176217
172 3.1144550514176217
173 3.1110940165820864
174 3.1110940165820864
175 3.1108010287817236
176 3.1108010287817236
177 3.1108010287817236
178 3.1108010287817236
179 3.1108010287817236
180 3.1131980648940174
181 3.1131980648940174
182 3.1131980648940174
183 3.1131980648940174
184 3.1131980648940174
185 3.1131980648940174
186 3.1131980648940174
187 3.1131980648940174
188 3.1131980648940174
189 3.1131980648940174
190 3.1131980648940174
191 3.1131980648940174
192 3.1131980648940174
193 3.1131980648940174
194 3.1131980648940174
195 3.1131980648940174
196 3.1131980648940174
197 3.1131980648940174
198 3.1131980648940174
199 3.1131980648940174
200 3.1131980648940174
201 3.1178714863458583
202 3.1178714863458583
203 3.1178714863458583
204 3.1178714863458583
205 3.1178714863458583
206 3.1178714863458583
207 3.1178714863458583
208 3.1178714863458583
209 3.1178714863458583
210 3.1178714863458583
211 3.1178714863458583
212 3.1207200327911253
213 3.1207200327911253
214 3.1207200327911253
215 3.1207200327911253
216 3.1207200327911253
217 3.1207200327911253
218 3.1207200327911253
219 3.1207200327911253
220 3.1207200327911253
221 3.1207200327911253
222 3.1222126225201134
223 3.1222126225201134
224 3.1222126225201134
225 3.1222126225201134
226 3.1222126225201134
227 3.1222126225201134
228 3.1222126225201134
229 3.1222126225201134
230 3.1222126225201134
231 3.1222126225201134
232 3.1222126225201134
233 3.1222126225201134
234 3.1222126225201134
235 3.1222126225201134
236 3.1222126225201134
237 3.1222126225201134
238 3.1238993248847433
239 3.1244913774967396
240 3.1244913774967396
241 3.1244913774967396
242 3.1244913774967396
243 3.1244913774967396
244 3.1244913774967396
245 3.127589780703347
246 3.127589780703347
247 3.127589780703347
248 3.127589780703347
249 3.127589780703347
250 3.127589780703347
251 3.127589780703347
252 3.126022509703116
253 3.126022509703116
254 3.126022509703116
255 3.126022509703116
256 3.126022509703116
257 3.126022509703116
258 3.126022509703116
259 3.126022509703116
260 3.126022509703116
261 3.126022509703116
262 3.126022509703116
263 3.126022509703116
264 3.126022509703116
265 3.126022509703116
266 3.126022509703116
267 3.1238272836718943
268 3.1238272836718943
269 3.1238272836718943
270 3.1259988243811456
271 3.1259988243811456
272 3.1259988243811456
273 3.1259988243811456
274 3.1259988243811456
275 3.1259988243811456
276 3.124672666910714
277 3.124672666910714
278 3.124672666910714
279 3.124672666910714
280 3.124672666910714
281 3.124672666910714
282 3.124672666910714
283 3.124672666910714
284 3.124672666910714
285 3.124672666910714
286 3.124672666910714
287 3.124672666910714
288 3.124672666910714
289 3.124672666910714
290 3.124672666910714
291 3.124672666910714
292 3.124672666910714
293 3.124672666910714
294 3.124672666910714
295 3.124672666910714
296 3.124672666910714
297 3.124672666910714
298 3.124672666910714
299 3.124672666910714
300 3.124672666910714
301 3.124672666910714
302 3.124672666910714
303 3.1285200004480727
304 3.1285200004480727
305 3.1285200004480727
306 3.1285200004480727
307 3.1285200004480727
308 3.1285200004480727
309 3.1285200004480727
310 3.1285200004480727
311 3.1285200004480727
312 3.127056756946125
313 3.127056756946125
314 3.127056756946125
315 3.127056756946125
316 3.127056756946125
317 3.127056756946125
318 3.127056756946125
319 3.127056756946125
320 3.127056756946125
321 3.127056756946125
322 3.1259114719047933
323 3.1259114719047933
324 3.1259114719047933
325 3.1259114719047933
326 3.1259114719047933
327 3.1259114719047933
328 3.1259114719047933
329 3.1259114719047933
330 3.1259114719047933
331 3.1259114719047933
332 3.1259114719047933
333 3.1259114719047933
334 3.1259114719047933
335 3.1243092592573256
336 3.1243092592573256
337 3.1243092592573256
338 3.1243092592573256
339 3.1243092592573256
340 3.1243092592573256
341 3.1243092592573256
342 3.1262756719577056
343 3.1262756719577056
344 3.1262756719577056
345 3.1262756719577056
346 3.1262756719577056
347 3.1262756719577056
348 3.1262756719577056
349 3.1262756719577056
350 3.1262756719577056
351 3.1262756719577056
352 3.1262756719577056
353 3.1262756719577056
354 3.1262756719577056
355 3.1262756719577056
356 3.1262756719577056
357 3.1262756719577056
358 3.1262756719577056
359 3.1262756719577056
360 3.1262756719577056
361 3.1262756719577056
362 3.1262756719577056
363 3.1262756719577056
364 3.1262756719577056
365 3.1262756719577056
366 3.1262756719577056
367 3.1262756719577056
368 3.1262756719577056
369 3.13131411420067
370 3.13131411420067
371 3.13131411420067
372 3.13131411420067
373 3.13131411420067
374 3.13131411420067
375 3.13131411420067
376 3.13131411420067
377 3.13131411420067
378 3.13131411420067
379 3.13131411420067
380 3.13131411420067
381 3.13131411420067
382 3.13131411420067
383 3.1316925031407084
384 3.1316925031407084
385 3.132080442423235
386 3.132080442423235
387 3.132080442423235
388 3.132080442423235
389 3.132080442423235
390 3.1310761627020707
391 3.1310761627020707
392 3.131823213505661
393 3.131823213505661
394 3.131823213505661
395 3.131823213505661
396 3.131823213505661
397 3.131823213505661
398 3.131823213505661
399 3.131823213505661
400 3.131823213505661
401 3.131823213505661
402 3.131823213505661
403 3.131823213505661
404 3.131823213505661
405 3.131823213505661
406 3.131823213505661
407 3.131823213505661
408 3.131823213505661
409 3.131823213505661
410 3.071295520345191
411 3.071295520345191
412 3.071295520345191
413 3.071295520345191
414 3.071295520345191
415 3.071295520345191
416 3.071295520345191
417 3.071295520345191
418 3.071295520345191
419 3.071295520345191
420 3.071295520345191
421 3.071295520345191
422 3.071295520345191
423 3.071295520345191
424 3.071295520345191
425 3.071295520345191
426 3.071295520345191
427 3.071295520345191
428 3.071295520345191
429 3.069543951446437
430 3.069543951446437
431 3.069721696290075
432 3.069721696290075
433 3.069721696290075
434 3.069721696290075
435 3.069721696290075
436 3.069721696290075
437 3.069721696290075
438 3.069721696290075
439 3.069721696290075
440 3.0687487715763115
441 3.0687487715763115
442 3.0687487715763115
443 3.0694336710507444
444 3.0694336710507444
445 3.0694336710507444
446 3.0694336710507444
447 3.0702548054722945
448 3.0702548054722945
449 3.0702548054722945
450 3.0702548054722945
451 3.0702548054722945
452 3.0702548054722945
453 3.0702548054722945
454 3.0702548054722945
455 3.0702548054722945
456 3.0702548054722945
457 3.0702548054722945
458 3.0702548054722945
459 3.0702548054722945
460 3.0702548054722945
461 3.0702548054722945
462 3.0702548054722945
463 3.0702548054722945
464 3.0702548054722945
465 3.0702548054722945
466 3.0702548054722945
467 3.0702548054722945
468 3.0702548054722945
469 3.0702548054722945
470 3.0702548054722945
471 3.0702548054722945
472 3.0702548054722945
473 3.0702548054722945
474 3.0702548054722945
475 3.074185799587311
476 3.074185799587311
477 3.074185799587311
478 3.074185799587311
479 3.074185799587311
480 3.074185799587311
481 3.074185799587311
482 3.074185799587311
483 3.074185799587311
484 3.074185799587311
485 3.074185799587311
486 3.074185799587311
487 3.074185799587311
488 3.074185799587311
489 3.074185799587311
490 3.074185799587311
491 3.074185799587311
492 3.074185799587311
493 3.074185799587311
494 3.0747356965426684
495 3.077467770299592
496 3.077467770299592
497 3.077467770299592
498 3.078169179308633
499 3.078169179308633
500 3.078169179308633
501 3.078169179308633
502 3.078169179308633
503 3.082026370242
504 3.082026370242
505 3.082026370242
506 3.082026370242
507 3.082026370242
508 3.082026370242
509 3.082026370242
510 3.082026370242
511 3.082026370242
512 3.082026370242
513 3.082026370242
514 3.082026370242
515 3.082026370242
516 3.082026370242
517 3.082026370242
518 3.082026370242
519 3.082026370242
520 3.082026370242
521 3.082026370242
522 3.082026370242
523 3.082026370242
524 3.082026370242
525 3.082026370242
526 3.082026370242
527 3.082026370242
528 3.082026370242
529 3.082026370242
530 3.082026370242
531 3.082026370242
532 3.082026370242
533 3.0807033217020243
534 3.0807033217020243
535 3.0807033217020243
536 3.0807033217020243
537 3.0807033217020243
538 3.0807033217020243
539 3.0807033217020243
540 3.0785093885561574
541 3.0785093885561574
542 3.0779441577763573
543 3.0779441577763573
544 3.0779441577763573
545 3.0779441577763573
546 3.0779441577763573
547 3.0779441577763573
548 3.0779441577763573
549 3.0779441577763573
550 3.0779441577763573
551 3.0779441577763573
552 3.0779441577763573
553 3.0779441577763573
554 3.0779441577763573
555 3.0779441577763573
556 3.0779441577763573
557 3.0779441577763573
558 3.078769976891603
559 3.078769976891603
560 3.078769976891603
561 3.078769976891603
562 3.077774513056406
563 3.077774513056406
564 3.0774687939712804
565 3.072938410707928
566 3.072938410707928
567 3.072938410707928
568 3.072938410707928
569 3.072938410707928
570 3.072938410707928
571 3.074308614211369
572 3.074308614211369
573 3.074308614211369
574 3.074308614211369
575 3.074308614211369
576 3.074308614211369
577 3.074308614211369
578 3.074308614211369
579 3.074308614211369
580 3.0766201000995355
581 3.0766201000995355
582 3.0766201000995355
583 3.0766201000995355
584 3.0766201000995355
585 3.0766201000995355
586 3.0766201000995355
587 3.0766201000995355
588 3.0766201000995355
589 3.0766201000995355
590 3.0766201000995355
591 3.0766201000995355
592 3.0766201000995355
593 3.0766201000995355
594 3.0766201000995355
595 3.0766201000995355
596 3.077261128259294
597 3.07600832278003
598 3.07600832278003
599 3.07600832278003
600 3.07600832278003
601 3.07600832278003
602 3.07600832278003
603 3.07600832278003
604 3.07600832278003
605 3.07600832278003
606 3.07600832278003
607 3.07600832278003
608 3.07600832278003
609 3.07600832278003
610 3.07600832278003
611 3.07600832278003
612 3.07600832278003
613 3.07600832278003
614 3.07600832278003
615 3.07600832278003
616 3.07600832278003
617 3.07600832278003
618 3.075684978462697
619 3.075684978462697
620 3.075684978462697
621 3.075684978462697
622 3.075684978462697
623 3.075684978462697
624 3.075684978462697
625 3.075684978462697
626 3.075684978462697
627 3.075684978462697
628 3.075684978462697
629 3.075684978462697
630 3.0749594944545113
631 3.0749594944545113
632 3.0749594944545113
633 3.0749594944545113
634 3.0749594944545113
635 3.0749594944545113
636 3.0749594944545113
637 3.0772458838845473
638 3.0772458838845473
639 3.0772458838845473
640 3.0772458838845473
641 3.0772458838845473
642 3.0772458838845473
643 3.0772458838845473
644 3.0815896631500035
645 3.0815896631500035
646 3.0815896631500035
647 3.0815896631500035
648 3.0815896631500035
649 3.0815896631500035
650 3.0815896631500035
651 3.0815896631500035
652 3.0815896631500035
653 3.0815896631500035
654 3.0815896631500035
655 3.0815896631500035
656 3.0815896631500035
657 3.0815896631500035
658 3.0815896631500035
659 3.0815896631500035
660 3.0815896631500035
661 3.0815896631500035
662 3.0815896631500035
663 3.0815896631500035
664 3.0815896631500035
665 3.0815896631500035
666 3.0815896631500035
667 3.0815896631500035
668 3.0815896631500035
669 3.0815896631500035
670 3.0815896631500035
671 3.0815896631500035
672 3.0815896631500035
673 3.0815896631500035
674 3.0815896631500035
675 3.0815896631500035
676 3.0815896631500035
677 3.0815896631500035
678 3.0815896631500035
679 3.0815896631500035
680 3.0815896631500035
681 3.0815896631500035
682 3.0815896631500035
683 3.0815896631500035
684 3.0815896631500035
685 3.0815896631500035
686 3.0815896631500035
687 3.0815896631500035
688 3.0815896631500035
689 3.0815896631500035
690 3.0815896631500035
691 3.0815896631500035
692 3.0816334542326675
693 3.0816334542326675
694 3.0816334542326675
695 3.0816334542326675
696 3.0816334542326675
697 3.0816334542326675
698 3.0816334542326675
699 3.0816334542326675
700 3.0816334542326675
701 3.0816334542326675
702 3.0816334542326675
703 3.0816334542326675
704 3.0820075640347104
705 3.0820075640347104
706 3.0820075640347104
707 3.0820075640347104
708 3.0820075640347104
709 3.0820075640347104
710 3.0820075640347104
711 3.0820075640347104
712 3.0820075640347104
713 3.0820075640347104
714 3.0820075640347104
715 3.0820075640347104
716 3.0820075640347104
717 3.0820075640347104
718 3.0820075640347104
719 3.0820075640347104
720 3.0820075640347104
721 3.0820075640347104
722 3.0820075640347104
723 3.0820075640347104
724 3.0820075640347104
725 3.0820075640347104
726 3.079011016814892
727 3.079011016814892
728 3.079011016814892
729 3.079011016814892
730 3.079011016814892
731 3.079011016814892
732 3.079011016814892
733 3.079011016814892
734 3.079011016814892
735 3.079011016814892
736 3.079011016814892
737 3.079011016814892
738 3.079011016814892
739 3.079011016814892
740 3.079011016814892
741 3.079011016814892
742 3.079011016814892
743 3.079011016814892
744 3.079011016814892
745 3.079011016814892
746 3.079011016814892
747 3.0751570194367734
748 3.0751570194367734
749 3.0751570194367734
750 3.07511347917055
751 3.07511347917055
752 3.07511347917055
753 3.07511347917055
754 3.07511347917055
755 3.07511347917055
756 3.07511347917055
757 3.07511347917055
758 3.07511347917055
759 3.07511347917055
760 3.07511347917055
761 3.07511347917055
762 3.07511347917055
763 3.0732594106342335
764 3.0732594106342335
765 3.0732594106342335
766 3.0732594106342335
767 3.0732594106342335
768 3.0732594106342335
769 3.0732594106342335
770 3.0732594106342335
771 3.0732594106342335
772 3.0732594106342335
773 3.0732594106342335
774 3.0732594106342335
775 3.0732594106342335
776 3.0732594106342335
777 3.0732594106342335
778 3.0732594106342335
779 3.0715840662185157
780 3.0715840662185157
781 3.0715840662185157
782 3.069211240404141
783 3.069211240404141
784 3.069211240404141
785 3.069211240404141
786 3.069211240404141
787 3.0733296808940596
788 3.0733296808940596
789 3.0733296808940596
790 3.0733296808940596
791 3.0733296808940596
792 3.0733296808940596
793 3.0733296808940596
794 3.0733296808940596
795 3.0733296808940596
796 3.0733296808940596
797 3.0733296808940596
798 3.0733296808940596
799 3.0733296808940596
800 3.0733296808940596
801 3.0733296808940596
802 3.0733296808940596
803 3.0733296808940596
804 3.0733296808940596
805 3.076422334401973
806 3.076422334401973
807 3.076422334401973
808 3.076422334401973
809 3.076422334401973
810 3.076422334401973
811 3.076422334401973
812 3.076422334401973
813 3.076422334401973
814 3.076422334401973
815 3.076422334401973
816 3.076422334401973
817 3.076422334401973
818 3.076422334401973
819 3.076422334401973
820 3.076422334401973
821 3.076422334401973
822 3.076422334401973
823 3.076422334401973
824 3.076422334401973
825 3.076422334401973
826 3.076422334401973
827 3.076422334401973
828 3.076422334401973
829 3.076422334401973
830 3.076422334401973
831 3.076422334401973
832 3.076422334401973
833 3.076422334401973
834 3.076422334401973
835 3.076422334401973
836 3.076422334401973
837 3.076422334401973
838 3.076422334401973
839 3.076422334401973
840 3.076422334401973
841 3.076422334401973
842 3.076422334401973
843 3.076422334401973
844 3.076422334401973
845 3.076422334401973
846 3.076422334401973
847 3.076422334401973
848 3.076422334401973
849 3.076422334401973
850 3.076422334401973
851 3.076422334401973
852 3.076422334401973
853 3.076422334401973
854 3.076422334401973
855 3.076422334401973
856 3.076422334401973
857 3.076422334401973
858 3.076422334401973
859 3.076422334401973
860 3.07379057460576
861 3.07379057460576
862 3.07379057460576
863 3.07379057460576
864 3.07379057460576
865 3.07379057460576
866 3.07379057460576
867 3.07379057460576
868 3.07379057460576
869 3.07379057460576
870 3.07379057460576
871 3.07379057460576
872 3.07379057460576
873 3.07379057460576
874 3.07379057460576
875 3.07379057460576
876 3.072668413705974
877 3.072668413705974
878 3.0676225479165695
879 3.0676225479165695
880 3.0676225479165695
881 3.0676225479165695
882 3.0676225479165695
883 3.0676225479165695
884 3.0676225479165695
885 3.0676225479165695
886 3.0676225479165695
887 3.0676225479165695
888 3.0676225479165695
889 3.0676225479165695
890 3.065829868562442
891 3.065829868562442
892 3.065829868562442
893 3.065829868562442
894 3.065829868562442
895 3.065829868562442
896 3.0638955791597517
897 3.0638955791597517
898 3.0638955791597517
899 3.0638955791597517
900 3.0638955791597517
901 3.0638955791597517
902 3.0638955791597517
903 3.0638955791597517
904 3.0638955791597517
905 3.0638955791597517
906 3.0638955791597517
907 3.0638955791597517
908 3.0638955791597517
909 3.0638955791597517
910 3.0638955791597517
911 3.0638955791597517
912 3.066970293542194
913 3.066970293542194
914 3.066970293542194
915 3.066970293542194
916 3.066970293542194
917 3.066970293542194
918 3.066970293542194
919 3.066970293542194
920 3.066970293542194
921 3.066970293542194
922 3.066970293542194
923 3.066970293542194
924 3.066970293542194
925 3.066970293542194
926 3.066970293542194
927 3.066970293542194
928 3.066970293542194
929 3.066970293542194
930 3.066970293542194
931 3.066970293542194
932 3.066970293542194
933 3.066970293542194
934 3.066970293542194
935 3.066970293542194
936 3.066970293542194
937 3.068641269252762
938 3.068641269252762
939 3.068641269252762
940 3.068641269252762
941 3.068641269252762
942 3.068641269252762
943 3.068641269252762
944 3.068641269252762
945 3.068641269252762
946 3.068641269252762
947 3.068641269252762
948 3.068641269252762
949 3.068641269252762
950 3.068641269252762
951 3.068641269252762
952 3.068641269252762
953 3.068641269252762
954 3.068641269252762
955 3.0712239483913457
956 3.0712239483913457
957 3.0712239483913457
958 3.0712239483913457
959 3.0712239483913457
960 3.0712239483913457
961 3.0712239483913457
962 3.0712239483913457
963 3.0712239483913457
964 3.0712239483913457
965 3.0712239483913457
966 3.0712239483913457
967 3.0712239483913457
968 3.0712239483913457
969 3.0712239483913457
970 3.0712239483913457
971 3.0712239483913457
972 3.0712239483913457
973 3.0712239483913457
974 3.0712239483913457
975 3.0712239483913457
976 3.0712239483913457
977 3.0712239483913457
978 3.0712239483913457
979 3.0712239483913457
980 3.0712239483913457
981 3.0712239483913457
982 3.0712239483913457
983 3.0712239483913457
984 3.0712239483913457
985 3.0712239483913457
986 3.0712239483913457
987 3.0712239483913457
988 3.074075801159573
989 3.074075801159573
990 3.074075801159573
991 3.074075801159573
992 3.074075801159573
993 3.074075801159573
994 3.074075801159573
995 3.072568499187571
996 3.072568499187571
997 3.072568499187571
998 3.072568499187571
999 3.072568499187571
